FILE, A, dA, STAT
0, 0.030411, 0.00418797, 0.00732859
1, 0.0351592, 0.00893621, 0.0127811
3, 0.0252837, -0.000939311, 0.00726081
4, 0.0284905, 0.00226746, 0.0072823
5, 0.0289019, 0.00267886, 0.00779339
6, 0.0190793, -0.00714366, 0.00785809
7, 0.0230558, -0.00316717, 0.00687724
8, 0.0276482, 0.00142516, 0.0077879
9, 0.03428, 0.00805696, 0.00801261
10, 0.0274732, 0.0012502, 0.00741666
11, 0.0307167, 0.00449369, 0.00762301
12, 0.0230686, -0.00315443, 0.00676918
13, 0.0218851, -0.00433786, 0.00762864
14, 0.0352454, 0.00902239, 0.0073987
15, 0.027476, 0.001253, 0.00721892
16, 0.0253195, -0.00090348, 0.00731256
17, 0.0253623, -0.000860733, 0.00746096
18, 0.0183405, -0.0078825, 0.01133
19, 0.0298581, 0.00363512, 0.0122404
20, 0.0277619, 0.00153893, 0.00783667
21, 0.0311874, 0.00496444, 0.00768359
22, 0.0211478, -0.00507524, 0.00785637
23, 0.0741292, 0.0479062, 0.157648
25, -0.00661058, -0.0328336, 0.156942
26, 0.391859, 0.365636, 0.149378
27, 0.3938, 0.367577, 0.149089
28, -0.0917648, -0.117988, 0.14536
33, 0.0102275, -0.0159955, 0.0117255
34, 0.025999, -0.00022395, 0.0089752
35, 0.362376, 0.336153, 0.152884
36, 0.0163809, -0.00984212, 0.00940767
37, 0.0213939, -0.00482912, 0.00826303
38, 0.0304772, 0.00425417, 0.00766244
39, 0.0284138, 0.0021908, 0.00707433
40, 0.0200089, -0.00621411, 0.00709669
41, 0.0307703, 0.00454728, 0.00735739
42, 0.0240979, -0.00212508, 0.0069877
43, 0.029285, 0.00306197, 0.0072206
44, 0.0262783, 5.52519e-05, 0.00754304
45, 0.0206025, -0.00562052, 0.00802982
46, 0.0241035, -0.00211951, 0.00700862
47, 0.0253458, -0.000877156, 0.00725181
48, 0.0256485, -0.000574482, 0.00701879
49, 0.028675, 0.00245205, 0.00729183
50, 0.0291494, 0.00292638, 0.00701386
51, 0.0299425, 0.00371951, 0.00761053
52, 0.0268143, 0.000591305, 0.00710512
53, 0.0246268, -0.00159617, 0.00799429
54, 0.0265585, 0.000335463, 0.00705349
55, 0.021382, -0.00484102, 0.00720656
56, 0.0240414, -0.00218162, 0.00698389
57, 0.0281086, 0.0018856, 0.00688496
58, 0.0253853, -0.000837718, 0.00742983
59, 0.0214628, -0.00476019, 0.00714858
60, 0.0290903, 0.0028673, 0.00727612
61, 0.0254513, -0.000771735, 0.00728835
62, 0.024253, -0.00197002, 0.00703492
63, 0.0270936, 0.000870637, 0.00681761
64, 0.0275323, 0.0013093, 0.00706918
65, 0.022765, -0.003458, 0.00693594
66, 0.0261513, -7.1659e-05, 0.00706019
67, 0.025734, -0.000488967, 0.00735878
68, 0.0235315, -0.00269149, 0.00689243
69, 0.025249, -0.000974035, 0.00745388
70, 0.0341407, 0.00791773, 0.0073317
71, 0.025426, -0.000797022, 0.00730312
72, 0.0217316, -0.00449135, 0.00714306
73, 0.0315838, 0.00536083, 0.00799396
74, 0.0237073, -0.00251571, 0.0077651
75, 0.0236238, -0.00259918, 0.00714128
76, 0.0265261, 0.000303094, 0.00685246
77, 0.0244905, -0.00173254, 0.00703256
78, 0.0238273, -0.00239567, 0.00635721
79, 0.0224714, -0.0037516, 0.00771496
80, 0.0302805, 0.00405745, 0.00761966
81, 0.0252565, -0.00096649, 0.00697149
82, 0.0311142, 0.00489123, 0.00742959
83, 0.0278591, 0.00163609, 0.00760956
84, 0.0222875, -0.00393547, 0.00720792
85, 0.0302091, 0.00398608, 0.00769589
86, 0.0272733, 0.00105035, 0.00762211
87, 0.022057, -0.00416596, 0.0070172
88, 0.025413, -0.000809999, 0.00664579
89, 0.033294, 0.00707098, 0.00756966
90, 0.0265324, 0.000309384, 0.00692677
91, 0.0283134, 0.00209039, 0.00760784
92, 0.0282994, 0.00207638, 0.00689318
93, 0.0236115, -0.00261146, 0.00732428
94, 0.0234477, -0.00277534, 0.00658734
95, 0.030706, 0.00448295, 0.00725606
96, 0.0266545, 0.000431539, 0.00689527
97, 0.0271738, 0.000950752, 0.00771369
98, 0.0247808, -0.00144216, 0.00689949
99, 0.0234602, -0.00276285, 0.00739416
100, 0.0295745, 0.00335154, 0.00777529
101, 0.0298673, 0.00364435, 0.00753782
102, 0.023848, -0.00237504, 0.0071462
103, 0.0311525, 0.00492945, 0.00713595
104, 0.0300669, 0.00384391, 0.00729506
105, 0.0267697, 0.000546683, 0.00726426
106, 0.0244666, -0.00175641, 0.00646136
107, 0.0250261, -0.00119694, 0.00753597
108, 0.0296111, 0.00338814, 0.00660853
109, 0.0283825, 0.00215952, 0.00743638
110, 0.028488, 0.00226498, 0.00728409
111, 0.0263507, 0.000127728, 0.00736683
112, 0.0281253, 0.00190235, 0.00726268
113, 0.0248952, -0.00132784, 0.0065827
114, 0.030331, 0.00410796, 0.00684644
115, 0.0276884, 0.0014654, 0.00759753
116, 0.0252415, -0.000981492, 0.00687526
117, 0.0236766, -0.00254644, 0.00818461
118, 0.0241819, -0.00204106, 0.00757257
119, 0.0233823, -0.00284065, 0.00685651
120, 0.0244558, -0.00176722, 0.00702334
121, 0.0264829, 0.000259911, 0.00735366
122, 0.0200738, -0.00614916, 0.0066355
123, 0.0220254, -0.00419759, 0.00658217
124, 0.0218225, -0.00440053, 0.00758088
125, 0.0293924, 0.00316944, 0.00742192
126, 0.0236064, -0.00261657, 0.00705597
127, 0.0251633, -0.0010597, 0.00668363
128, 0.0280567, 0.00183372, 0.0072809
129, 0.0255986, -0.000624411, 0.00632855
130, 0.0253739, -0.000849052, 0.00735304
131, 0.0263971, 0.000174132, 0.00749133
132, 0.0283179, 0.00209495, 0.00775563
133, 0.0217331, -0.00448995, 0.00666565
134, 0.0196152, -0.00660775, 0.00717615
135, 0.0291519, 0.00292891, 0.00741818
136, 0.0155959, -0.0106271, 0.00686873
137, 0.0248578, -0.00136519, 0.0076833
138, 0.023467, -0.00275597, 0.00679901
139, 0.0268346, 0.000611592, 0.00733642
140, 0.0221103, -0.00411265, 0.00694088
141, 0.026854, 0.000630956, 0.00653793
142, 0.0290239, 0.00280094, 0.00758157
143, 0.0261766, -4.63935e-05, 0.00734027
144, 0.023234, -0.00298896, 0.0074299
145, 0.024442, -0.00178102, 0.00746923
146, 0.0139928, -0.0122302, 0.00797418
147, 0.0167803, -0.00944265, 0.00760899
148, 0.0144476, -0.0117754, 0.00820391
149, 0.02641, 0.000187018, 0.00699704
150, 0.0264679, 0.000244947, 0.00756541
151, 0.0240978, -0.00212519, 0.00781083
152, 0.0176043, -0.00861871, 0.00951125
153, 0.0226561, -0.00356687, 0.00938399
154, 0.0265866, 0.000363639, 0.00824827
155, 0.0248389, -0.00138407, 0.00646423
156, 0.0241793, -0.00204368, 0.00747042
157, 0.0206509, -0.00557214, 0.00971499
158, 0.0155734, -0.0106496, 0.00930368
159, 0.0133037, -0.0129193, 0.00965375
160, 0.0287084, 0.00248541, 0.00740716
161, 0.0318617, 0.00563875, 0.00790834
162, 0.0276824, 0.0014594, 0.0068268
163, 0.0257738, -0.000449201, 0.00739123
164, 0.0303408, 0.00411781, 0.00687754
165, 0.0222736, -0.00394939, 0.00731735
166, 0.0323859, 0.00616287, 0.00780719
167, 0.0253694, -0.000853605, 0.00695633
168, 0.0274846, 0.00126159, 0.00710103
169, 0.0263594, 0.0001364, 0.00720365
170, 0.0285828, 0.00235985, 0.00782343
171, 0.0229392, -0.00328385, 0.00819588
172, 0.0213862, -0.00483685, 0.00711213
173, 0.0276395, 0.00141648, 0.00756757
174, 0.0201069, -0.00611609, 0.00725125
175, 0.0200617, -0.00616131, 0.00852699
176, 0.022534, -0.003689, 0.00798778
177, 0.386302, 0.360079, 0.158884
178, 0.315132, 0.288909, 0.154684
179, 0.314638, 0.288415, 0.147074
180, 0.0260195, -0.000203511, 0.00817747
181, 0.0193676, -0.00685543, 0.00713337
182, 0.0236671, -0.00255586, 0.00816705
183, 0.0196759, -0.00654711, 0.00821424
184, 0.0218445, -0.00437852, 0.00766082
185, 0.0289002, 0.00267717, 0.00693875
186, 0.0216365, -0.00458653, 0.00657572
187, 0.0284233, 0.00220028, 0.008838
188, 0.0256185, -0.000604494, 0.00708469
189, 0.0413093, 0.0150863, 0.0159611
190, 0.0139304, -0.0122926, 0.0109891
191, 0.0195997, -0.00662331, 0.00700182
192, 0.0175674, -0.00865562, 0.00965094
193, 0.0204329, -0.00579011, 0.0100809
194, 0.0280597, 0.00183669, 0.00729175
195, 0.0311839, 0.00496092, 0.00743556
196, 0.0180099, -0.00821309, 0.00946133
197, 0.0298606, 0.00363759, 0.00768356
198, 0.0227624, -0.00346055, 0.00736938
199, 0.0133296, -0.0128934, 0.0118242
200, 0.0148449, -0.0113781, 0.0112274
201, 0.0133659, -0.0128571, 0.0116714
202, 0.00978303, -0.01644, 0.0114701
203, 0.0218374, -0.0043856, 0.0074541
204, 0.036906, 0.010683, 0.00868243
205, 0.0225456, -0.00367744, 0.00881579
206, 0.0297422, 0.0035192, 0.00720943
207, 0.0215836, -0.00463936, 0.00707338
208, 0.0201718, -0.00605116, 0.00890464
209, 0.016856, -0.00936698, 0.0093527
210, 0.0238225, -0.00240049, 0.00789337
211, 0.0238931, -0.00232995, 0.00934713
212, 0.0286109, 0.00238789, 0.0103394
213, 0.0236346, -0.00258843, 0.00893657
214, 0.425944, 0.399721, 0.142786
215, 0.0635767, 0.0373537, 0.0122847
216, 0.031704, 0.005481, 0.0083222
217, 0.0187659, -0.00745711, 0.00722829
218, 0.0232162, -0.00300682, 0.00650849
219, 0.0215909, -0.00463207, 0.00757203
220, 0.02327, -0.00295299, 0.00876718
221, 0.00562952, -0.0205935, 0.0111025
222, 0.0421803, 0.0159573, 0.0134918
223, 0.00998809, -0.0162349, 0.0113192
224, 0.352488, 0.326265, 0.144561
225, 0.244652, 0.218429, 0.153425
226, 0.382861, 0.356638, 0.151525
227, 0.497469, 0.471246, 0.148176
228, -0.0510099, -0.0772329, 0.0407039
229, 0.0367617, 0.0105387, 0.0159155
230, 0.0147239, -0.0114991, 0.00912224
231, 0.0280033, 0.00178028, 0.00757862
232, 0.020876, -0.00534695, 0.00870361
233, 0.0197321, -0.00649089, 0.00909588
234, 0.0118281, -0.0143949, 0.0109324
235, 0.0309667, 0.00474368, 0.00767473
236, 0.0230107, -0.00321233, 0.0090119
237, 0.0214019, -0.00482105, 0.0066826
238, 0.047909, 0.021686, 0.0112007
239, 0.204602, 0.178379, 0.14984
240, 0.0216492, -0.00457382, 0.00881774
241, 0.0240746, -0.00214842, 0.00855334
242, 0.0179805, -0.00824248, 0.0100464
243, 0.409414, 0.383191, 0.147786
244, 0.424791, 0.398568, 0.144259
246, 0.0383053, 0.0120823, 0.00872703
248, -0.00947943, -0.0357024, 0.0122111
249, 0.0207438, -0.00547917, 0.00879028
252, 0.0435735, 0.0173505, 0.0109627
253, 0.442994, 0.416771, 0.154491
254, 0.0473075, 0.0210845, 0.0160236
255, 0.484992, 0.458769, 0.144691
258, 0.0582543, 0.0320313, 0.0156894
259, -1.90841e-05, -0.0262421, 0
260, 0.0133646, -0.0128584, 0.0108856
261, 0.362711, 0.336488, 0.161084
262, 0.00551587, -0.0207071, 0.0228547
263, 0.00832965, -0.0178933, 0.00938852
264, 0.0157155, -0.0105075, 0.011694
265, 0.0336163, 0.00739328, 0.0134989
266, 0.070855, 0.044632, 0.0120435
267, 0.179586, 0.153363, 0.153483
269, 0.0380436, 0.0118206, 0.010869
270, 0.361774, 0.335551, 0.161521
271, 0.407755, 0.381532, 0.150466
272, 0.0078129, -0.0184101, 0.040371
273, 0.0219053, -0.00431769, 0.00899652
274, 0.0256912, -0.000531819, 0.00919757
275, 0.357516, 0.331293, 0.153826
278, 0.304873, 0.27865, 0.154448
279, 0.018383, -0.00784, 0.0117222
280, -0.000246777, -0.0264698, 0
282, 0.233538, 0.207315, 0.228255
283, -0.00104361, -0.0272666, 0.0122103
284, 0.0189219, -0.00730105, 0.00721466
285, 0.285328, 0.259105, 0.16133
286, 0.47471, 0.448487, 0.145682
287, 0.023469, -0.00275397, 0.0163555
288, 0.048845, 0.022622, 0.0161563
289, 0.046474, 0.020251, 0.152573
290, 0.0269831, 0.000760083, 0.00937132
291, 0.486266, 0.460043, 0.14955
292, 0.451409, 0.425186, 0.147595
293, 0.333354, 0.307131, 0.152667
294, 0.375018, 0.348795, 0.143381
295, 0.00011819, -0.0261048, 0
299, -0.000373702, -0.0265967, 0
300, -0.000345612, -0.0265686, 0.150096
302, 0.0354386, 0.00921557, 0.0402123
306, 0.238745, 0.212522, 0.159315
307, 0.425222, 0.398999, 0.144719
308, 0.00904126, -0.0171817, 0.0287443
311, 0.416057, 0.389834, 0.146768
314, 0.290205, 0.263982, 0.154216
315, 0.0660951, 0.0398721, 0.023224
316, 0.384512, 0.358289, 0.15494
317, 0.278593, 0.25237, 0.155815
320, 0.0543488, 0.0281258, 0.0140791
321, 0.106242, 0.0800187, 0.0288665
324, 0.402202, 0.375979, 0.156263
325, 0.102174, 0.0759507, 0.0291599
326, 0.413146, 0.386923, 0.145274
327, 0.223079, 0.196856, 0.0404491
328, 0.0529665, 0.0267435, 0.0140223
331, -0.000164005, -0.026387, 0
332, -7.95592e-05, -0.0263026, 0
334, 0.044921, 0.018698, 0.0398428
336, 0.345769, 0.319546, 0.15493
337, 0.313632, 0.287409, 0.155974
338, 0.304919, 0.278696, 0.149852
339, 0.262766, 0.236543, 0.160285
340, 0.0410158, 0.0147928, 0.015854
341, 0.0265685, 0.000345535, 0.0162233
342, 0.392921, 0.366698, 0.154932
343, 0.330522, 0.304299, 0.152831
344, 0.0168818, -0.00934124, 0.0113526
345, 0.0257561, -0.000466865, 0.00946433
346, 0.355884, 0.329661, 0.148284
348, 0.0594185, 0.0331955, 0.0234723
349, 0.0400423, 0.0138193, 0.014239
350, 0.0251164, -0.00110657, 0.00730211
351, 0.0260298, -0.000193188, 0.00732053
352, 0.0264161, 0.000193083, 0.00694415
353, 0.0273207, 0.00109772, 0.00740254
354, 0.0194992, -0.00672383, 0.0066324
355, 0.0283627, 0.00213968, 0.00801264
356, 0.0263124, 8.94431e-05, 0.00722358
357, 0.0197119, -0.00651111, 0.00700526
358, 0.0288957, 0.00267272, 0.00788811
359, 0.0228899, -0.00333309, 0.00829499
360, 0.133269, 0.107046, 0.14253
361, 0.01466, -0.011563, 0.00896912
362, 0.0256932, -0.000529816, 0.00988718
363, 0.0257429, -0.000480116, 0.0075968
364, 0.0249564, -0.00126663, 0.0078301
365, 0.0366538, 0.0104308, 0.00960514
366, 0.0286896, 0.00246658, 0.00903247
367, 0.0244038, -0.00181922, 0.00677659
368, 0.0224844, -0.0037386, 0.00668767
369, 0.0189733, -0.00724971, 0.00957083
370, 0.0295519, 0.00332888, 0.00888754
371, 0.0428039, 0.0165809, 0.0115769
372, 0.0453298, 0.0191068, 0.0115118
373, 0.0341684, 0.00794544, 0.00967986
374, 0.0254773, -0.000745733, 0.0108297
375, 0.0307078, 0.00448484, 0.00758665
376, 0.0283768, 0.00215383, 0.00780806
377, 0.0252257, -0.000997289, 0.00709477
378, 0.0274957, 0.0012727, 0.00729482
379, 0.0193735, -0.0068495, 0.0083965
380, 0.0278574, 0.00163442, 0.00747418
381, 0.0273117, 0.00108867, 0.00783805
382, 0.0325956, 0.00637262, 0.00760076
383, 0.0261464, -7.65563e-05, 0.00713476
384, 0.026358, 0.000134977, 0.00765753
385, 0.0325833, 0.00636029, 0.00733824
386, 0.0213213, -0.00490174, 0.00671814
387, 0.0275861, 0.00136314, 0.00726722
388, 0.025393, -0.000830011, 0.00678341
389, 0.0308116, 0.00458857, 0.00780946
390, 0.0217208, -0.00450224, 0.00751788
391, 0.0300395, 0.00381649, 0.00753526
392, 0.0268559, 0.000632892, 0.00714223
393, 0.0167907, -0.00943229, 0.00990577
394, 0.0102865, -0.0159365, 0.0111428
395, 0.019398, -0.00682497, 0.00738004
396, 0.0327366, 0.00651355, 0.00754586
397, 0.0249639, -0.00125913, 0.00713954
398, 0.0242941, -0.00192894, 0.00708528
399, 0.022376, -0.00384703, 0.00707013
