38378
38379
38380
38381
38382
38383
38352
38353
38354
38355
38356
38359
38360
38364
38365
38394
38395
38396
38397
38398
38384
38385
38387
38388
38389
38390
38391
38392
38393
37692
37693
37694
37698
37699
37700
37681
37683
37685
37686
37687
37688
37689
37690
37691
38401
38431
38436
38422
38429
38430
38450
38455
38437
38438
38440
38441
38443
38446
38447
38449
38465
38466
38467
38469
38470
38456
38457
38459
38460
38461
38462
38463
38464
38471
38472
38475
38476
38493
38518
38519
38520
38521
38522
38523
38509
38510
38511
38512
38513
38515
38516
38517
37673
37674
37675
37678
37679
37680
37658
37659
37661
37662
37664
37665
37666
37672
38536
38537
38538
38539
38540
38541
38524
38525
38526
38527
38528
38529
38530
38531
38534
38553
38554
38558
38560
38561
38562
38542
38543
38544
38545
38548
38549
38550
38551
38552
38578
38579
38580
38583
38563
38568
38571
38572
38573
38574
38575
38576
38577
37710
37711
37713
37714
37715
37701
37702
37703
37704
37705
37706
37707
37708
37709
38601
38602
38603
38604
38606
38607
38584
38585
38596
38597
38598
38600
38618
38619
38620
38621
38622
38623
38608
38609
38610
38611
38612
38613
38614
38616
38617
38633
38634
38635
38636
38637
38638
38624
38625
38626
38627
38628
38629
38630
38631
38632
38651
38652
38653
38654
38656
38639
38640
38641
38642
38645
38646
38648
38649
38650
38671
38690
38691
38692
38693
38131
38132
38133
38134
38135
38138
38100
38117
38118
38119
38120
38121
38122
38704
38705
38706
38707
38708
38709
38694
38696
38697
38698
38699
38700
38701
38702
38703
38720
38721
38722
38723
38724
38725
38711
38712
38713
38714
38715
38716
38717
38719
38737
38738
38739
38740
38743
38744
38727
38728
38729
38730
38731
38732
38733
38734
38735
38745
38746
38748
38749
38750
38751
37740
37744
37745
37746
37716
37717
37719
37721
37722
37723
37724
37725
37726
37773
37775
37776
37778
37780
37781
37750
37753
37762
37763
37766
37767
37769
37770
37772
37804
37805
37806
37807
37808
37809
37782
37784
37785
37789
37790
37801
37802
37819
37820
37822
37823
37824
37810
37811
37814
37815
37816
37817
37818
37849
37850
38048
38049
38050
37831
37832
37833
37844
37845
37846
37847
37848
38077
38078
38079
38080
38081
38082
38051
38070
38071
38072
38074
38075
38076
38174
38175
38176
38177
38182
38183
38139
38140
38141
38142
38143
38144
38146
38172
38173
38094
38095
38096
38097
38098
38099
38083
38084
38085
38086
38089
38090
38091
38092
38093
38194
38195
38197
38198
38199
38200
38184
38185
38186
38187
38188
38189
38190
38191
38192
38211
38212
38213
38214
38215
38216
38201
38203
38204
38205
38206
38207
38208
38209
38210
38265
38266
38268
38271
38272
38273
38217
38218
38219
38220
38221
38222
38223
38225
38289
38290
38300
38301
38302
38303
38274
38275
38277
38278
38283
38284
38285
38286
38288
38315
38317
38318
38320
38321
38305
38306
38307
38309
38310
38312
38313
38342
38344
38346
38347
38350
38351
38322
38328
38329
38331
38337
38338
38339
38340
38341