037658
037659
037661
037662
037664
037665
037666
037667
037670
037672
037673
037674
037675
037677
037678
037679
037680
037681
037683
037684
037685
037686
037687
037688
037689
037690
037691
037692
037693
037694
037698
037699
037700
037701
037702
037703
037704
037705
037706
037707
037708
037709
037710
037711
037712
037713
037714
037715
037716
037717
037719
037721
037722
037723
037724
037725
037726
037740
037744
037745
037746
037747
037748
037750
037753
037762
037763
037766
037767
037769
037770
037772
037773
037775
037776
037778
037780
037781
037782
037783
037784
037785
037788
037789
037790
037801
037802
037803
037804
037805
037806
037807
037808
037809
037810
037811
037812
037813
037814
037815
037816
037817
037818
037819
037820
037822
037823
037824
037825
037828
037831
037832
037833
037844
037845
037846
037847
037848
037849
037850
037851
037852
038046
038047
038048
038049
038050
038051
038052
038053
038070
038071
038072
038074
038075
038076
038077
038078
038079
038080
038081
038082
038083
038084
038085
038086
038089
038090
038091
038092
038093
038094
038095
038096
038097
038098
038099
038100
038114
038117
038118
038119
038120
038121
038122
038131
038132
038133
038134
038135
038136
038137
038138
038139
038140
038141
038142
038143
038144
038146
038172
038173
038174
038175
038176
038177
038182
038183
038184
038185
038186
038187
038188
038189
038190
038191
038192
038194
038195
038196
038197
038198
038199
038200
038201
038203
038204
038205
038206
038207
038208
038209
038210
038211
038212
038213
038214
038215
038216
038217
038218
038219
038220
038221
038222
038223
038225
038226
038265
038266
038268
038271
038272
038273
038274
038275
038276
038277
038278
038283
038284
038285
038286
038288
038289
038290
038300
038301
038302
038304
038305
038306
038307
038309
038310
038312
038313
038314
038315
038317
038318
038320
038322
038328
038331
038337
038338
038341
038342
038344
038346
038347
038350
038351
038353
038354
038355
038356
038359
038360
038364
038365
038378
038379
038380
038381
038382
038383
038384
038385
038387
038388
038389
038390
038391
038392
038393
038394
038395
038396
038397
038398
038399
038400
038401
038402
038403
038404
038405
038408
038409
038410
038411
038412
038415
038417
038418
038419
038420
038421
038422
038423
038430
038431
038432
038433
038434
038435
038436
038437
038438
038440
038441
038443
038446
038447
038449
038450
038451
038452
038453
038454
038455
038456
038457
038458
038459
038460
038461
038462
038463
038464
038465
038466
038467
038468
038469
038470
038471
038472
038473
038474
038475
038476
038477
038479
038480
038483
038484
038485
038486
038487
038488
038489
038490
038491
038492
038493
038494
038495
038497
038498
038499
038500
038501
038507
038508
038509
038510
038511
038512
038513
038514
038515
038516
038517
038518
038519
038520
038521
038522
038523
038524
038525
038526
038527
038528
038529
038530
038531
038534
038536
038537
038538
038539
038540
038541
038542
038543
038544
038545
038548
038549
038550
038551
038552
038553
038554
038558
038559
038560
038561
038562
038563
038568
038571
038572
038573
038574
038575
038576
038577
038578
038579
038580
038581
038582
038583
038584
038585
038596
038597
038598
038600
038601
038602
038603
038604
038606
038607
038608
038609
038610
038611
038612
038613
038614
038616
038617
038618
038619
038620
038621
038622
038623
038624
038625
038626
038627
038628
038629
038630
038631
038632
038633
038634
038635
038636
038637
038638
038639
038640
038641
038642
038645
038646
038647
038648
038649
038650
038651
038652
038653
038654
038655
038656
038670
038671
038672
038673
038674
038675
038676
038677
038681
038682
038684
038685
038686
038687
038689
038690
038691
038692
038693
038694
038696
038697
038698
038699
038700
038701
038702
038703
038704
038705
038706
038707
038708
038709
038710
038711
038712
038713
038714
038715
038716
038717
038719
038720
038721
038722
038723
038724
038725
038727
038728
038729
038730
038731
038732
038733
038734
038735
038737
038738
038739
038740
038743
038744
038745
038746
038748
038749
038750
038751
